x<-15
y<-12
z<- x+y